1,0.000574178773759
2,0.00046261923851
3,0.000574178773759
4,0.000574178773759
11117,0.000497528004226
8,0.000574178773759
11948,0.000583947070674
11099,0.000869035549679
12,0.000574178773759
7182,0.000589136479787
15,0.000574178773759
98,0.00048298519926
17,0.000574178773759
18,0.000574178773759
19,0.000574178773759
20,0.000574178773759
21,0.000574178773759
23,0.000574178773759
24,0.000574178773759
120,0.000481721085985
90,0.00051707627279
30,0.000574178773759
31,0.000574178773759
33,0.000574178773759
34,0.000574178773759
35,0.000574178773759
37,0.000574178773759
13489,0.000477978134226
43,0.000574178773759
44,0.000574178773759
11101,0.000869035549679
49,0.000574178773759
50,0.000574178773759
94,0.000477120378984
54,0.000567512392282
55,0.000574178773759
56,0.000574178773759
13492,0.000491560572541
58,0.00046550374028
59,0.00046550374028
11919,0.000567263157058
63,0.000533473940189
64,0.000574178773759
65,0.000477120378984
66,0.000479636992835
68,0.000477120378984
13494,0.000501665861457
70,0.000480075144981
97,0.000477120378984
13505,0.000503467876191
13495,0.000497173327233
76,0.000480835929347
77,0.000477120378984
81,0.000477120378984
82,0.000482309788096
83,0.000481669479624
11860,0.000663501669683
11861,0.000624016811336
11862,0.000624016811336
11863,0.000624016811336
11864,0.000624016811336
11865,0.000624016811336
11866,0.000624016811336
11867,0.00111802300182
11868,0.00106106384774
11869,0.00103431994043
11870,0.00103431994043
101,0.000477120378984
11872,0.000624016811336
11873,0.000597272904024
11874,0.000624016811336
11875,0.000624016811336
11876,0.000624016811336
11877,0.000583947070674
102,0.000477395316142
11879,0.000583947070674
11880,0.000583947070674
11881,0.000583947070674
11882,0.000624016811336
11883,0.000663501669683
11884,0.000665738339995
11885,0.000624016811336
11887,0.000624016811336
11888,0.000624016811336
11889,0.000624016811336
114,0.000482057108407
11891,0.000624016811336
11892,0.000651714685468
11893,0.000624016811336
89,0.000478187200823
2679,0.000869227219508
11896,0.000512598386131
11897,0.000512598386131
11898,0.000512572983148
11899,0.000512598386131
11900,0.000512572983148
11901,0.000512598386131
11902,0.000476186675053
127,0.000478542893599
128,0.000478517694044
11905,0.000519129539706
11907,0.00052696818969
11909,0.000518673320037
134,0.000479618540214
135,0.000478192070632
11912,0.000520854236792
11913,0.00054821868595
11914,0.000518957406009
139,0.000560046440216
140,0.000476806098217
11917,0.000518898118502
142,0.00046641059314
143,0.00046641059314
144,0.00046504466514
145,0.00048208656028
11922,0.000558044816846
11923,0.000473433214687
148,0.000464245946972
149,0.000464245946972
150,0.000463911242215
151,0.00046499693783
11928,0.000519206334807
153,0.000485047346086
154,0.000464143857573
155,0.000464143857573
11932,0.000518898118502
157,0.000466063241777
158,0.000464751177132
11935,0.000617307774355
11936,0.000518898118502
162,0.000465005760897
163,0.000464796110445
13476,0.000474422574667
11941,0.000583947070674
11942,0.000583947070674
167,0.000464563273198
168,0.000464563273198
11945,0.000583947070674
11946,0.000583947070674
11947,0.000583947070674
172,0.00046408787591
173,0.00046408787591
11950,0.000583947070674
13487,0.000500871225549
176,0.000463898670161
177,0.000466563755915
178,0.000464743643657
179,0.000464953294109
180,0.000464742959657
181,0.000464742959657
182,0.000464365490313
183,0.000464365490313
184,0.000464709418275
185,0.000464933858026
13498,0.000500288000066
13499,0.000504166252897
13500,0.000493893547111
13514,0.000493133838586
13502,0.000546536213595
13503,0.000480171101944
192,0.000465196484046
193,0.000465196484046
13506,0.000478294482382
195,0.000463745253165
196,0.000463745253165
11126,0.000480674335274
100,0.00047985782294
199,0.000463325020351
13512,0.000479049759848
201,0.00046587118242
202,0.000464722308986
203,0.000464722308986
13516,0.000512223572798
13517,0.000488543808019
206,0.000574178773759
207,0.000574178773759
208,0.000578956570701
209,0.000574178773759
210,0.000574178773759
13523,0.000491134943137
13524,0.000486324087598
13480,0.000491120677709
214,0.000574178773759
11129,0.00047070913564
216,0.000578253333702
13519,0.000488727264573
220,0.000574178773759
122,0.000477120378984
222,0.000575327647193
223,0.000635331144139
13510,0.000508590089738
13493,0.000495189843155
227,0.000477415645402
13521,0.000501549785794
13504,0.000494172660663
93,0.000477120378984
125,0.000482057108407
5872,0.000479359304091
5873,0.000485107831367
13483,0.000512778117489
11939,0.000512497305413
215,0.000607606756111
11903,0.000525604376225
13511,0.000477144540165
11904,0.000519129539706
5896,0.000493651013091
11890,0.000626944850473
111,0.000481773876656
11871,0.000605875061911
5903,0.000480980190249
5905,0.000485107831367
11929,0.000523172797444
13481,0.000504545873193
10543,0.000550010878339
5916,0.000508154739319
10525,0.000460122699387
10529,0.000557712426553
10530,0.000550010878339
11895,0.000624016811336
11910,0.000522639782673
10534,0.000557712426553
10555,0.000494252127765
10537,0.000557712426553
10539,0.000557712426553
13484,0.000502743844811
10542,0.000551857646052
221,0.000574178773759
10544,0.000559720312328
10545,0.000494611744115
10546,0.000553323023196
10549,0.000553323023196
10550,0.000503869674612
10551,0.000497395617525
10552,0.000500790561607
10553,0.000496595349062
10554,0.000494252127765
13496,0.00050748145659
10556,0.000495624707696
13479,0.000501040342883
7188,0.000629206220448
10559,0.000593420305878
13520,0.000487548227075
123,0.000481427891699
13508,0.000475435406988
164,0.000463768111943
113,0.000477120378984
96,0.000480940937836
11911,0.000523687007007
11894,0.000624016811336
11918,0.000518898118502
13497,0.000484796457159
11098,0.000896733423812
5775,0.000912238091976
11100,0.000869035549679
13507,0.000476478446135
11102,0.000869035549679
11103,0.00103292966163
11104,0.000869035549679
11105,0.000869035549679
11106,0.000869035549679
11107,0.000869035549679
11108,0.000869035549679
11109,0.000869035549679
11110,0.000698042280121
11111,0.000681089824746
11112,0.00047070913564
11113,0.000497528004226
11114,0.00047070913564
11115,0.000497528004226
11116,0.00047070913564
11878,0.000583947070674
11118,0.000481776985302
11119,0.000481776985302
11120,0.000476946123407
11121,0.000481776985302
11122,0.000476946123407
11123,0.000499792145902
11124,0.000480674335274
11125,0.000520616228109
13515,0.00047870573121
11127,0.000520616228109
11128,0.000495456937881
11924,0.000566684854994
11130,0.00047070913564
91,0.000485721700768
11132,0.00047070913564
11925,0.000552032927184
10560,0.000585354150318
224,0.000635331144139
5270,0.00050612122134
10561,0.000486576308987
11927,0.000530663327049
10562,0.000570138522557
152,0.000471867940007
5273,0.00050612122134
13488,0.000568353674249
156,0.000472569922457
11930,0.000583947070674
116,0.00048182789288
10557,0.00050310958903
5276,0.00050612122134
11933,0.000521079980489
11934,0.000583947070674
5876,0.000608710227454
13486,0.000478890009835
11949,0.000583947070674
13485,0.000508422091963
11921,0.000554791469148
11131,0.000472748915223
11938,0.000519206342394
11920,0.000558044816846
13518,0.000488727264573
13501,0.00049059627274
13475,0.000491120677709
13509,0.000483160585252
11940,0.000519206342394
10541,0.000550010878339
13477,0.000474422574667
5267,0.00050612122134
13478,0.000602231420668
11943,0.000583947070674
11944,0.000583947070674
5886,0.000486218371412
169,0.000463768111943
13482,0.000483002334781
85,0.000477120378984
